timestamp,project_name,run_id,experiment_id,duration,emissions,emissions_rate,cpu_power,gpu_power,ram_power,cpu_energy,gpu_energy,ram_energy,energy_consumed,country_name,country_iso_code,region,cloud_provider,cloud_region,os,python_version,codecarbon_version,cpu_count,cpu_model,gpu_count,gpu_model,longitude,latitude,ram_total_size,tracking_mode,on_cloud,pue
2025-08-07T10:24:51,dask-benchmark,6d5e9856-3fa0-43aa-acf9-808507d6866c,dask_R1729_0fa92701,1.002640750957653,7.068527401005849e-08,7.049910343514845e-08,0.8,0.0,10.0,1.1147266108956601e-07,0.0,1.3924693391244445e-06,1.5039420002140105e-06,Canada,CAN,,gcp,northamerica-northeast2,Linux-6.8.0-1032-gcp-x86_64-with-glibc2.35,3.10.12,3.0.4,2,Intel(R) Xeon(R) CPU @ 2.60GHz,,,,,15.61648178100586,machine,Y,1.0
2025-08-07T10:24:53,dask-benchmark,309446b2-6d0e-4224-98de-0d596c062a66,dask_R1729_0fa92701,1.0024278641212732,7.066808963187162e-08,7.049693265841045e-08,0.8000576,0.0,10.0,1.1144393872936817e-07,0.0,1.3921324364168365e-06,1.5035763751462047e-06,Canada,CAN,,gcp,northamerica-northeast2,Linux-6.8.0-1032-gcp-x86_64-with-glibc2.35,3.10.12,3.0.4,2,Intel(R) Xeon(R) CPU @ 2.60GHz,,,,,15.61648178100586,machine,Y,1.0
2025-08-07T10:24:55,dask-benchmark,74288a26-2dbf-484c-9d33-9270a189bd5c,dask_R1729_0fa92701,1.002435235772282,7.066452757545954e-08,7.04928608390538e-08,0.8,0.0,10.0,1.1143248398891756e-07,0.0,1.3920681027229876e-06,1.5035005867119052e-06,Canada,CAN,,gcp,northamerica-northeast2,Linux-6.8.0-1032-gcp-x86_64-with-glibc2.35,3.10.12,3.0.4,2,Intel(R) Xeon(R) CPU @ 2.60GHz,,,,,15.61648178100586,machine,Y,1.0
2025-08-07T10:24:57,dask-benchmark,ffb6c27a-3641-4151-9128-46c0959bdfef,dask_R1729_0fa92701,1.0023476199712604,7.065833641790477e-08,7.04928460047929e-08,0.8,0.0,10.0,1.1141931265592576e-07,0.0,1.3919495472994944e-06,1.50336885995542e-06,Canada,CAN,,gcp,northamerica-northeast2,Linux-6.8.0-1032-gcp-x86_64-with-glibc2.35,3.10.12,3.0.4,2,Intel(R) Xeon(R) CPU @ 2.60GHz,,,,,15.61648178100586,machine,Y,1.0
2025-08-07T10:24:59,dask-benchmark,7e2bf2d7-2e70-4efa-8594-e98c72f5fc2d,dask_R1729_0fa92701,1.002444620942697,7.066200056651211e-08,7.04896800184949e-08,0.8000072,0.0,10.0,1.114331206612451e-07,0.0,1.3920136999028425e-06,1.5034468205640876e-06,Canada,CAN,,gcp,northamerica-northeast2,Linux-6.8.0-1032-gcp-x86_64-with-glibc2.35,3.10.12,3.0.4,2,Intel(R) Xeon(R) CPU @ 2.60GHz,,,,,15.61648178100586,machine,Y,1.0
2025-08-07T10:25:02,dask-benchmark,1f3cc12a-6dc3-42e4-92c7-0047da2a54f5,dask_R1729_0fa92701,1.0024465499445796,7.066266804651565e-08,7.049021022659236e-08,0.8,0.0,10.0,1.1142629710957409e-07,0.0,1.3920347251567162e-06,1.5034610222662902e-06,Canada,CAN,,gcp,northamerica-northeast2,Linux-6.8.0-1032-gcp-x86_64-with-glibc2.35,3.10.12,3.0.4,2,Intel(R) Xeon(R) CPU @ 2.60GHz,,,,,15.61648178100586,machine,Y,1.0
2025-08-07T10:25:04,dask-benchmark,eaae18f9-af89-44f6-8c19-50d75a8ed89a,dask_R1729_0fa92701,1.002375632058829,7.065323543276948e-08,7.048578713715465e-08,0.8,0.0,10.0,1.1141733664812317e-07,0.0,1.3918429917086743e-06,1.5032603283567975e-06,Canada,CAN,,gcp,northamerica-northeast2,Linux-6.8.0-1032-gcp-x86_64-with-glibc2.35,3.10.12,3.0.4,2,Intel(R) Xeon(R) CPU @ 2.60GHz,,,,,15.61648178100586,machine,Y,1.0
2025-08-07T10:25:06,dask-benchmark,5c8aa81e-2b68-48e4-923f-c49f40dd9878,dask_R1729_0fa92701,1.0023435270413756,7.065571680413288e-08,7.049052036350035e-08,0.8000072,0.0,10.0,1.1141598184331781e-07,0.0,1.3918971416488703e-06,1.5033131234921883e-06,Canada,CAN,,gcp,northamerica-northeast2,Linux-6.8.0-1032-gcp-x86_64-with-glibc2.35,3.10.12,3.0.4,2,Intel(R) Xeon(R) CPU @ 2.60GHz,,,,,15.61648178100586,machine,Y,1.0
2025-08-07T10:25:08,dask-benchmark,c59fc31f-e107-4d81-8475-9e69439af6fd,dask_R1729_0fa92701,1.0024182100314647,7.06637390211949e-08,7.049327148493926e-08,0.8,0.0,10.0,1.1142822799997197e-07,0.0,1.3920555809616217e-06,1.5034838089615935e-06,Canada,CAN,,gcp,northamerica-northeast2,Linux-6.8.0-1032-gcp-x86_64-with-glibc2.35,3.10.12,3.0.4,2,Intel(R) Xeon(R) CPU @ 2.60GHz,,,,,15.61648178100586,machine,Y,1.0
2025-08-07T10:25:11,dask-benchmark,11b04597-5226-4fde-b3c8-d3833d865f43,dask_R1729_0fa92701,1.0025087730027735,7.54117997681764e-08,7.522308213054189e-08,1.5239213,0.0,10.0,2.122872665418595e-07,0.0,1.392219111504447e-06,1.6045063780463066e-06,Canada,CAN,,gcp,northamerica-northeast2,Linux-6.8.0-1032-gcp-x86_64-with-glibc2.35,3.10.12,3.0.4,2,Intel(R) Xeon(R) CPU @ 2.60GHz,,,,,15.61648178100586,machine,Y,1.0
2025-08-07T10:25:13,dask-benchmark,23d8c26d-dfb2-4dce-91ef-2fad230a02d2,dask_R1729_0fa92701,1.002045039087534,7.510439168770725e-08,7.495111373047423e-08,1.4782139,0.0,10.0,2.058944861464547e-07,0.0,1.392071294443061e-06,1.5979657805895156e-06,Canada,CAN,,gcp,northamerica-northeast2,Linux-6.8.0-1032-gcp-x86_64-with-glibc2.35,3.10.12,3.0.4,2,Intel(R) Xeon(R) CPU @ 2.60GHz,,,,,15.61648178100586,machine,Y,1.0
2025-08-07T10:25:15,dask-benchmark,2e515af6-c517-4d82-87ee-f5a9474c4761,dask_R1729_0fa92701,1.002043689135462,7.467581565573458e-08,7.452351276236568e-08,1.4133248,0.0,10.0,1.9684986661693789e-07,0.0,1.3919972749944362e-06,1.588847141611374e-06,Canada,CAN,,gcp,northamerica-northeast2,Linux-6.8.0-1032-gcp-x86_64-with-glibc2.35,3.10.12,3.0.4,2,Intel(R) Xeon(R) CPU @ 2.60GHz,,,,,15.61648178100586,machine,Y,1.0
2025-08-07T10:25:17,dask-benchmark,5aa43551-bc61-4e3f-991a-b047f83b7e1d,dask_R1729_0fa92701,1.0024170831311494,7.41528431517154e-08,7.39740417432748e-08,1.3334336,0.0,10.0,1.857305666665808e-07,0.0,1.3919895003911937e-06,1.5777200670577744e-06,Canada,CAN,,gcp,northamerica-northeast2,Linux-6.8.0-1032-gcp-x86_64-with-glibc2.35,3.10.12,3.0.4,2,Intel(R) Xeon(R) CPU @ 2.60GHz,,,,,15.61648178100586,machine,Y,1.0
2025-08-07T10:25:19,dask-benchmark,89ed390b-4770-43d2-9a52-d2f948168e25,dask_R1729_0fa92701,1.0022380219306797,7.40332497288455e-08,7.386793167777666e-08,1.3183373312000006,0.0,10.0,1.835695515049511e-07,0.0,1.3916059746406972e-06,1.5751755261456485e-06,Canada,CAN,,gcp,northamerica-northeast2,Linux-6.8.0-1032-gcp-x86_64-with-glibc2.35,3.10.12,3.0.4,2,Intel(R) Xeon(R) CPU @ 2.60GHz,,,,,15.61648178100586,machine,Y,1.0
2025-08-07T10:25:22,dask-benchmark,2c6bc079-91de-45f1-9a5b-7e8cb19d53b6,dask_R1729_0fa92701,1.0024573248811066,7.35446839828989e-08,7.336440380803387e-08,1.2403734848,0.0,10.0,1.7277173021245286e-07,0.0,1.392008780061992e-06,1.5647805102744449e-06,Canada,CAN,,gcp,northamerica-northeast2,Linux-6.8.0-1032-gcp-x86_64-with-glibc2.35,3.10.12,3.0.4,2,Intel(R) Xeon(R) CPU @ 2.60GHz,,,,,15.61648178100586,machine,Y,1.0
2025-08-07T10:25:24,dask-benchmark,e614cb82-9ded-44f5-b135-9c3b2849f8e0,dask_R1729_0fa92701,1.0024968208745122,7.325210762255245e-08,7.306966575579975e-08,1.1950784,0.0,10.0,1.6646322889615472e-07,0.0,1.3920922524347486e-06,1.5585554813309031e-06,Canada,CAN,,gcp,northamerica-northeast2,Linux-6.8.0-1032-gcp-x86_64-with-glibc2.35,3.10.12,3.0.4,2,Intel(R) Xeon(R) CPU @ 2.60GHz,,,,,15.61648178100586,machine,Y,1.0
2025-08-07T10:25:26,dask-benchmark,fd369f59-74e5-4c05-94c1-3ef9bb7ffcbe,dask_R1729_0fa92701,1.002475303132087,7.279181040197553e-08,7.261207350899139e-08,1.1248497152,0.0,10.0,1.5668861760516636e-07,0.0,1.392073305841121e-06,1.5487619234462876e-06,Canada,CAN,,gcp,northamerica-northeast2,Linux-6.8.0-1032-gcp-x86_64-with-glibc2.35,3.10.12,3.0.4,2,Intel(R) Xeon(R) CPU @ 2.60GHz,,,,,15.61648178100586,machine,Y,1.0
2025-08-07T10:25:28,dask-benchmark,a22f86bd-e171-4abd-b205-22ceb07f2839,dask_R1729_0fa92701,1.001819476019591,7.234612795423234e-08,7.221473497568296e-08,1.0587464,0.0,10.0,1.4744239299825217e-07,0.0,1.3918369251769036e-06,1.5392793181751558e-06,Canada,CAN,,gcp,northamerica-northeast2,Linux-6.8.0-1032-gcp-x86_64-with-glibc2.35,3.10.12,3.0.4,2,Intel(R) Xeon(R) CPU @ 2.60GHz,,,,,15.61648178100586,machine,Y,1.0
2025-08-07T10:26:08,dask-benchmark,b14961f8-d6cd-4e19-975c-6c0e8d14b4c2,dask_R1729_0fa92701,1.0022432010155171,7.47705522069195e-08,7.460320222792099e-08,1.4302043648000002,0.0,10.0,1.991382272283365e-07,0.0,1.3917245856848442e-06,1.5908628129131806e-06,Canada,CAN,,gcp,northamerica-northeast2,Linux-6.8.0-1032-gcp-x86_64-with-glibc2.35,3.10.12,3.0.4,2,Intel(R) Xeon(R) CPU @ 2.60GHz,,,,,15.61648178100586,machine,Y,1.0
2025-08-07T10:26:10,dask-benchmark,2ab9ab1c-9544-4c5e-9831-6babf88dda12,dask_R1729_0fa92701,1.0023013970348984,7.619245046954111e-08,7.601750401120933e-08,1.6470728,0.0,10.0,2.293562256185125e-07,0.0,1.3917597418185323e-06,1.621115967437045e-06,Canada,CAN,,gcp,northamerica-northeast2,Linux-6.8.0-1032-gcp-x86_64-with-glibc2.35,3.10.12,3.0.4,2,Intel(R) Xeon(R) CPU @ 2.60GHz,,,,,15.61648178100586,machine,Y,1.0
2025-08-07T10:26:13,dask-benchmark,edb41f3b-2701-46ea-843b-66e668de6d71,dask_R1729_0fa92701,1.0021818231325597,7.653424953162905e-08,7.636762887237657e-08,1.7000000000000002,0.0,10.0,2.366975739067938e-07,0.0,1.3916907140002068e-06,1.6283882879070009e-06,Canada,CAN,,gcp,northamerica-northeast2,Linux-6.8.0-1032-gcp-x86_64-with-glibc2.35,3.10.12,3.0.4,2,Intel(R) Xeon(R) CPU @ 2.60GHz,,,,,15.61648178100586,machine,Y,1.0
2025-08-07T10:26:15,dask-benchmark,e3fc04e4-2c44-4a0e-9fb9-e126d05c3188,dask_R1729_0fa92701,1.0023672829847785,7.654520185644248e-08,7.63644256509566e-08,1.7000000000000002,0.0,10.0,2.367335523465752e-07,0.0,1.3918877637479457e-06,1.6286213160945206e-06,Canada,CAN,,gcp,northamerica-northeast2,Linux-6.8.0-1032-gcp-x86_64-with-glibc2.35,3.10.12,3.0.4,2,Intel(R) Xeon(R) CPU @ 2.60GHz,,,,,15.61648178100586,machine,Y,1.0
2025-08-07T10:26:17,dask-benchmark,6d3bceef-a4e9-4f32-9ff3-4e54a3478606,dask_R1729_0fa92701,1.0022676538210362,7.671503879138099e-08,7.65414692361998e-08,1.7272709000000002,0.0,10.0,2.4051142114677725e-07,0.0,1.3917234467549455e-06,1.632234867901723e-06,Canada,CAN,,gcp,northamerica-northeast2,Linux-6.8.0-1032-gcp-x86_64-with-glibc2.35,3.10.12,3.0.4,2,Intel(R) Xeon(R) CPU @ 2.60GHz,,,,,15.61648178100586,machine,Y,1.0
2025-08-07T10:26:19,dask-benchmark,6c8dfb0d-7495-44a0-b382-42b482ba221e,dask_R1729_0fa92701,1.0023157689720392,7.672586925997381e-08,7.654860038634608e-08,1.7272709000000002,0.0,10.0,2.405357924745938e-07,0.0,1.3919295109291044e-06,1.632465303403698e-06,Canada,CAN,,gcp,northamerica-northeast2,Linux-6.8.0-1032-gcp-x86_64-with-glibc2.35,3.10.12,3.0.4,2,Intel(R) Xeon(R) CPU @ 2.60GHz,,,,,15.61648178100586,machine,Y,1.0
2025-08-07T10:26:21,dask-benchmark,1ca430fb-ee63-4b8b-b880-29ac04420677,dask_R1729_0fa92701,1.0022144778631628,7.67135559157193e-08,7.654405080964455e-08,1.7272709000000002,0.0,10.0,2.4050087903911135e-07,0.0,1.3917024383166185e-06,1.6322033173557298e-06,Canada,CAN,,gcp,northamerica-northeast2,Linux-6.8.0-1032-gcp-x86_64-with-glibc2.35,3.10.12,3.0.4,2,Intel(R) Xeon(R) CPU @ 2.60GHz,,,,,15.61648178100586,machine,Y,1.0
2025-08-07T10:26:23,dask-benchmark,db88e0eb-9617-4517-b9ac-fa935eed02a0,dask_R1729_0fa92701,1.002314053941518,7.653756997134123e-08,7.636086680652985e-08,1.7000000000000002,0.0,10.0,2.367218856751505e-07,0.0,1.3917370498853012e-06,1.6284589355604518e-06,Canada,CAN,,gcp,northamerica-northeast2,Linux-6.8.0-1032-gcp-x86_64-with-glibc2.35,3.10.12,3.0.4,2,Intel(R) Xeon(R) CPU @ 2.60GHz,,,,,15.61648178100586,machine,Y,1.0
2025-08-07T10:26:25,dask-benchmark,e08c6fef-6271-46b9-acb8-85c0b9fef8e9,dask_R1729_0fa92701,1.0022588958963752,7.671767896351527e-08,7.654477229149701e-08,1.7272709000000002,0.0,10.0,2.405097999887015e-07,0.0,1.3917812417882186e-06,1.63229104177692e-06,Canada,CAN,,gcp,northamerica-northeast2,Linux-6.8.0-1032-gcp-x86_64-with-glibc2.35,3.10.12,3.0.4,2,Intel(R) Xeon(R) CPU @ 2.60GHz,,,,,15.61648178100586,machine,Y,1.0
2025-08-07T10:26:27,dask-benchmark,e242b0a9-57ff-463a-bd6b-7f7085ab5d9f,dask_R1729_0fa92701,1.0022119120694697,7.653217125039858e-08,7.636326242856875e-08,1.7000000000000002,0.0,10.0,2.366945610071222e-07,0.0,1.3916495081502943e-06,1.6283440691574164e-06,Canada,CAN,,gcp,northamerica-northeast2,Linux-6.8.0-1032-gcp-x86_64-with-glibc2.35,3.10.12,3.0.4,2,Intel(R) Xeon(R) CPU @ 2.60GHz,,,,,15.61648178100586,machine,Y,1.0
2025-08-07T10:26:30,dask-benchmark,c84011ad-d23f-40f4-a80a-2ced357c674f,dask_R1729_0fa92701,1.0021824010182172,7.65349741639479e-08,7.636830789104695e-08,1.7000000000000002,0.0,10.0,2.366988497411108e-07,0.0,1.3917048558748015e-06,1.6284037056159123e-06,Canada,CAN,,gcp,northamerica-northeast2,Linux-6.8.0-1032-gcp-x86_64-with-glibc2.35,3.10.12,3.0.4,2,Intel(R) Xeon(R) CPU @ 2.60GHz,,,,,15.61648178100586,machine,Y,1.0
2025-08-07T10:26:32,dask-benchmark,369fd12b-f250-4ea8-866c-12cfbeb6f633,dask_R1729_0fa92701,1.0022011869587004,7.671347608874385e-08,7.654498626322735e-08,1.7272709000000002,0.0,10.0,2.404949967555091e-07,0.0,1.3917066221539343e-06,1.6322016189094436e-06,Canada,CAN,,gcp,northamerica-northeast2,Linux-6.8.0-1032-gcp-x86_64-with-glibc2.35,3.10.12,3.0.4,2,Intel(R) Xeon(R) CPU @ 2.60GHz,,,,,15.61648178100586,machine,Y,1.0
2025-08-07T10:26:34,dask-benchmark,8aa2231e-b632-4f78-b65e-200b4b6781cf,dask_R1729_0fa92701,1.002052976982668,7.651092629921752e-08,7.635417293964178e-08,1.7000000000000002,0.0,10.0,2.36621856812336e-07,0.0,1.391270192107186e-06,1.627892048919522e-06,Canada,CAN,,gcp,northamerica-northeast2,Linux-6.8.0-1032-gcp-x86_64-with-glibc2.35,3.10.12,3.0.4,2,Intel(R) Xeon(R) CPU @ 2.60GHz,,,,,15.61648178100586,machine,Y,1.0
2025-08-07T10:26:36,dask-benchmark,afac113f-e69c-4f4a-9f15-f5016ba989b2,dask_R1729_0fa92701,1.0022079409100115,7.67146819458793e-08,7.654567362160576e-08,1.7272709000000002,0.0,10.0,2.4049764186169136e-07,0.0,1.391729633582549e-06,1.6322272754442404e-06,Canada,CAN,,gcp,northamerica-northeast2,Linux-6.8.0-1032-gcp-x86_64-with-glibc2.35,3.10.12,3.0.4,2,Intel(R) Xeon(R) CPU @ 2.60GHz,,,,,15.61648178100586,machine,Y,1.0
2025-08-07T10:26:38,dask-benchmark,53f07355-49c6-4c23-8202-7b882c42220c,dask_R1729_0fa92701,1.002253615995869,7.67125088119154e-08,7.654001700526823e-08,1.7272709000000002,0.0,10.0,2.404939133768557e-07,0.0,1.3916871251745355e-06,1.6321810385513914e-06,Canada,CAN,,gcp,northamerica-northeast2,Linux-6.8.0-1032-gcp-x86_64-with-glibc2.35,3.10.12,3.0.4,2,Intel(R) Xeon(R) CPU @ 2.60GHz,,,,,15.61648178100586,machine,Y,1.0
2025-08-07T10:26:40,dask-benchmark,d83b2621-98aa-47e2-a1ed-044ace1aa789,dask_R1729_0fa92701,1.002151980996132,7.653198618960515e-08,7.63676444699864e-08,1.7000000000000002,0.0,10.0,2.366879621598249e-07,0.0,1.3916521695339016e-06,1.6283401316937265e-06,Canada,CAN,,gcp,northamerica-northeast2,Linux-6.8.0-1032-gcp-x86_64-with-glibc2.35,3.10.12,3.0.4,2,Intel(R) Xeon(R) CPU @ 2.60GHz,,,,,15.61648178100586,machine,Y,1.0
2025-08-07T10:26:42,dask-benchmark,831a4649-7b16-4d96-9766-e51fe9ff8bde,dask_R1729_0fa92701,1.0022153570316732,7.65351050202153e-08,7.636592722635413e-08,1.7000000000000002,0.0,10.0,2.367003953873387e-07,0.0,1.3917060944044756e-06,1.6284064897918143e-06,Canada,CAN,,gcp,northamerica-northeast2,Linux-6.8.0-1032-gcp-x86_64-with-glibc2.35,3.10.12,3.0.4,2,Intel(R) Xeon(R) CPU @ 2.60GHz,,,,,15.61648178100586,machine,Y,1.0
2025-08-07T10:26:45,dask-benchmark,172d145f-2b0a-463c-b770-bf6d10cbeca1,dask_R1729_0fa92701,1.0023228109348563,7.653755872037598e-08,7.63601884396806e-08,1.7000000000000002,0.0,10.0,2.367212491873135e-07,0.0,1.391737446990899e-06,1.6284586961782124e-06,Canada,CAN,,gcp,northamerica-northeast2,Linux-6.8.0-1032-gcp-x86_64-with-glibc2.35,3.10.12,3.0.4,2,Intel(R) Xeon(R) CPU @ 2.60GHz,,,,,15.61648178100586,machine,Y,1.0
2025-08-07T10:26:47,dask-benchmark,73e3b496-5ff7-4ade-a347-15a23e2b6b38,dask_R1729_0fa92701,1.0022835719864815,7.68924195596791e-08,7.671723024181844e-08,1.7550872000000004,0.0,10.0,2.44364887584507e-07,0.0,1.3916440392171758e-06,1.6360089268016829e-06,Canada,CAN,,gcp,northamerica-northeast2,Linux-6.8.0-1032-gcp-x86_64-with-glibc2.35,3.10.12,3.0.4,2,Intel(R) Xeon(R) CPU @ 2.60GHz,,,,,15.61648178100586,machine,Y,1.0
2025-08-07T10:26:49,dask-benchmark,2c8687c8-702f-495c-8404-8296de371023,dask_R1729_0fa92701,1.0022504290100187,7.690257367204512e-08,7.672989848256417e-08,1.7550872000000004,0.0,10.0,2.443925330858901e-07,0.0,1.3918324386597509e-06,1.6362249717456407e-06,Canada,CAN,,gcp,northamerica-northeast2,Linux-6.8.0-1032-gcp-x86_64-with-glibc2.35,3.10.12,3.0.4,2,Intel(R) Xeon(R) CPU @ 2.60GHz,,,,,15.61648178100586,machine,Y,1.0
2025-08-07T10:26:51,dask-benchmark,b87c1a88-09db-4b0e-8513-5982b111591a,dask_R1729_0fa92701,1.0022633869666606,7.636662127290251e-08,7.619416439427692e-08,1.6732691000000002,0.0,10.0,2.329971375903839e-07,0.0,1.3918245916203078e-06,1.6248217292106916e-06,Canada,CAN,,gcp,northamerica-northeast2,Linux-6.8.0-1032-gcp-x86_64-with-glibc2.35,3.10.12,3.0.4,2,Intel(R) Xeon(R) CPU @ 2.60GHz,,,,,15.61648178100586,machine,Y,1.0
2025-08-07T10:26:53,dask-benchmark,17fe9254-f92f-4c80-a856-89134022b2ba,dask_R1729_0fa92701,1.0022208059672266,7.653024833237416e-08,7.636066610941697e-08,1.7000000000000002,0.0,10.0,2.3668920885797386e-07,0.0,1.3916139471499871e-06,1.628303156007961e-06,Canada,CAN,,gcp,northamerica-northeast2,Linux-6.8.0-1032-gcp-x86_64-with-glibc2.35,3.10.12,3.0.4,2,Intel(R) Xeon(R) CPU @ 2.60GHz,,,,,15.61648178100586,machine,Y,1.0
2025-08-07T10:26:55,dask-benchmark,2c4ec18f-acd0-4a07-ae8c-5f07a4c5c71c,dask_R1729_0fa92701,1.0022951001301408,7.672378121065915e-08,7.654809566633332e-08,1.7272709000000002,0.0,10.0,2.4053157703909306e-07,0.0,1.3918892997834415e-06,1.6324208768225348e-06,Canada,CAN,,gcp,northamerica-northeast2,Linux-6.8.0-1032-gcp-x86_64-with-glibc2.35,3.10.12,3.0.4,2,Intel(R) Xeon(R) CPU @ 2.60GHz,,,,,15.61648178100586,machine,Y,1.0
2025-08-07T10:26:57,dask-benchmark,16a1b46c-019a-4ff5-a2fa-e965a59e2dce,dask_R1729_0fa92701,1.0022221128456297,7.671370086501223e-08,7.654361232082324e-08,1.7272709000000002,0.0,10.0,2.404976960417952e-07,0.0,1.3917087053414435e-06,1.6322064013832386e-06,Canada,CAN,,gcp,northamerica-northeast2,Linux-6.8.0-1032-gcp-x86_64-with-glibc2.35,3.10.12,3.0.4,2,Intel(R) Xeon(R) CPU @ 2.60GHz,,,,,15.61648178100586,machine,Y,1.0
2025-08-07T10:27:00,dask-benchmark,3501ba2a-a45d-44e6-8e05-a4ee9acf83c4,dask_R1729_0fa92701,1.0022159509826452,7.671616522160114e-08,7.654654183699937e-08,1.7272709000000002,0.0,10.0,2.405042207785461e-07,0.0,1.391754613723606e-06,1.632258834502152e-06,Canada,CAN,,gcp,northamerica-northeast2,Linux-6.8.0-1032-gcp-x86_64-with-glibc2.35,3.10.12,3.0.4,2,Intel(R) Xeon(R) CPU @ 2.60GHz,,,,,15.61648178100586,machine,Y,1.0
2025-08-07T10:27:02,dask-benchmark,5f1aed25-fe72-475c-a895-e8411162c76f,dask_R1729_0fa92701,1.0022626519203186,7.653958093220394e-08,7.636678946936254e-08,1.7000000000000002,0.0,10.0,2.367145190623382e-07,0.0,1.3917872028994477e-06,1.628501721961786e-06,Canada,CAN,,gcp,northamerica-northeast2,Linux-6.8.0-1032-gcp-x86_64-with-glibc2.35,3.10.12,3.0.4,2,Intel(R) Xeon(R) CPU @ 2.60GHz,,,,,15.61648178100586,machine,Y,1.0
2025-08-07T10:27:04,dask-benchmark,53158d24-d8a1-47b8-8b90-a383822bc6ff,dask_R1729_0fa92701,1.0021635161247104,7.635293899951044e-08,7.618810480625098e-08,1.6732691000000002,0.0,10.0,2.329539059483113e-07,0.0,1.391576711062549e-06,1.6245306170108603e-06,Canada,CAN,,gcp,northamerica-northeast2,Linux-6.8.0-1032-gcp-x86_64-with-glibc2.35,3.10.12,3.0.4,2,Intel(R) Xeon(R) CPU @ 2.60GHz,,,,,15.61648178100586,machine,Y,1.0
2025-08-07T10:27:06,dask-benchmark,e2893b1f-af0c-4e1c-895d-4ec3d786ec91,dask_R1729_0fa92701,1.0021268168929964,7.652460207894911e-08,7.63621936754539e-08,1.7000000000000002,0.0,10.0,2.366614313149413e-07,0.0,1.391521591641423e-06,1.628183022956364e-06,Canada,CAN,,gcp,northamerica-northeast2,Linux-6.8.0-1032-gcp-x86_64-with-glibc2.35,3.10.12,3.0.4,2,Intel(R) Xeon(R) CPU @ 2.60GHz,,,,,15.61648178100586,machine,Y,1.0
2025-08-07T10:27:08,dask-benchmark,a84deaae-2cbe-4b13-b5aa-36bb2ea60e2b,dask_R1729_0fa92701,1.0017177010886371,7.68278817131896e-08,7.66961406688684e-08,1.7550872000000004,0.0,10.0,2.441490835429564e-07,0.0,1.3904866975887368e-06,1.6346357811316932e-06,Canada,CAN,,gcp,northamerica-northeast2,Linux-6.8.0-1032-gcp-x86_64-with-glibc2.35,3.10.12,3.0.4,2,Intel(R) Xeon(R) CPU @ 2.60GHz,,,,,15.61648178100586,machine,Y,1.0
2025-08-07T10:27:10,dask-benchmark,2da76844-8e95-4b50-a361-859dd31908c2,dask_R1729_0fa92701,1.0021357000805438,7.670651707665715e-08,7.654304409122644e-08,1.7272709000000002,0.0,10.0,2.4046877682489224e-07,0.0,1.3915847779975995e-06,1.632053554822492e-06,Canada,CAN,,gcp,northamerica-northeast2,Linux-6.8.0-1032-gcp-x86_64-with-glibc2.35,3.10.12,3.0.4,2,Intel(R) Xeon(R) CPU @ 2.60GHz,,,,,15.61648178100586,machine,Y,1.0
2025-08-07T10:27:12,dask-benchmark,8e7e29e0-dfe3-42ff-95c2-5c9dfad2e102,dask_R1729_0fa92701,1.0021852059289813,7.67093691075908e-08,7.654210883754228e-08,1.7272709000000002,0.0,10.0,2.4048064215591864e-07,0.0,1.3916335941758009e-06,1.6321142363317193e-06,Canada,CAN,,gcp,northamerica-northeast2,Linux-6.8.0-1032-gcp-x86_64-with-glibc2.35,3.10.12,3.0.4,2,Intel(R) Xeon(R) CPU @ 2.60GHz,,,,,15.61648178100586,machine,Y,1.0
2025-08-07T10:27:15,dask-benchmark,e9b2a088-89be-4fc4-8f53-a5c661b21ebb,dask_R1729_0fa92701,1.002280225045979,7.671619652508846e-08,7.654166430507908e-08,1.7272709000000002,0.0,10.0,2.405034891795771e-07,0.0,1.3917560113542196e-06,1.6322595005337966e-06,Canada,CAN,,gcp,northamerica-northeast2,Linux-6.8.0-1032-gcp-x86_64-with-glibc2.35,3.10.12,3.0.4,2,Intel(R) Xeon(R) CPU @ 2.60GHz,,,,,15.61648178100586,machine,Y,1.0
2025-08-07T10:27:17,dask-benchmark,a495b241-26ee-4a22-a64f-432650613618,dask_R1729_0fa92701,1.0023222400341183,7.653635988235088e-08,7.635903587228158e-08,1.7000000000000002,0.0,10.0,2.3671120259678005e-07,0.0,1.3917219863894084e-06,1.6284331889861884e-06,Canada,CAN,,gcp,northamerica-northeast2,Linux-6.8.0-1032-gcp-x86_64-with-glibc2.35,3.10.12,3.0.4,2,Intel(R) Xeon(R) CPU @ 2.60GHz,,,,,15.61648178100586,machine,Y,1.0
2025-08-07T10:27:19,dask-benchmark,46598133-85dd-4e65-b4b2-ae16d4bfbf3d,dask_R1729_0fa92701,1.0021875752136111,7.653414254426025e-08,7.636708380459356e-08,1.7000000000000002,0.0,10.0,2.366939193517384e-07,0.0,1.391692092228267e-06,1.6283860115800053e-06,Canada,CAN,,gcp,northamerica-northeast2,Linux-6.8.0-1032-gcp-x86_64-with-glibc2.35,3.10.12,3.0.4,2,Intel(R) Xeon(R) CPU @ 2.60GHz,,,,,15.61648178100586,machine,Y,1.0
2025-08-07T10:27:21,dask-benchmark,65b240e2-42d0-462b-9a6c-7abb062be469,dask_R1729_0fa92701,1.0022370680235326,7.653830100442671e-08,7.636746179760095e-08,1.7000000000000002,0.0,10.0,2.367086946873719e-07,0.0,1.3917657947685155e-06,1.6284744894558876e-06,Canada,CAN,,gcp,northamerica-northeast2,Linux-6.8.0-1032-gcp-x86_64-with-glibc2.35,3.10.12,3.0.4,2,Intel(R) Xeon(R) CPU @ 2.60GHz,,,,,15.61648178100586,machine,Y,1.0
2025-08-07T10:27:23,dask-benchmark,a895fbd1-4995-446e-bbeb-ffec6e53365a,dask_R1729_0fa92701,1.002152131870389,7.67104257215241e-08,7.654568930403202e-08,1.7272709000000002,0.0,10.0,2.404838817909928e-07,0.0,1.3916528356882431e-06,1.632136717479236e-06,Canada,CAN,,gcp,northamerica-northeast2,Linux-6.8.0-1032-gcp-x86_64-with-glibc2.35,3.10.12,3.0.4,2,Intel(R) Xeon(R) CPU @ 2.60GHz,,,,,15.61648178100586,machine,Y,1.0
2025-08-07T10:27:26,dask-benchmark,215c8b32-1aa6-4593-971f-9d2b07211ad2,dask_R1729_0fa92701,1.0029556439258158,7.706246868423489e-08,7.683537068757435e-08,1.7550872000000004,0.0,10.0,2.449191517933713e-07,0.0,1.3947078414882223e-06,1.6396269932815937e-06,Canada,CAN,,gcp,northamerica-northeast2,Linux-6.8.0-1032-gcp-x86_64-with-glibc2.35,3.10.12,3.0.4,2,Intel(R) Xeon(R) CPU @ 2.60GHz,,,,,15.61648178100586,machine,Y,1.0
2025-08-07T10:27:28,dask-benchmark,04967f3e-8edc-4f99-86c9-f0052c02765a,dask_R1729_0fa92701,1.0023013029713184,7.728406958582244e-08,7.710662388317179e-08,1.8123776000000005,0.0,10.0,2.523918258583612e-07,0.0,1.3919500802229674e-06,1.6443419060813286e-06,Canada,CAN,,gcp,northamerica-northeast2,Linux-6.8.0-1032-gcp-x86_64-with-glibc2.35,3.10.12,3.0.4,2,Intel(R) Xeon(R) CPU @ 2.60GHz,,,,,15.61648178100586,machine,Y,1.0
2025-08-07T10:27:30,dask-benchmark,5e16bbc4-2cf5-4452-8119-5df5fbc087ad,dask_R1729_0fa92701,1.002229186007753,7.653845244029718e-08,7.636821348735408e-08,1.7000000000000002,0.0,10.0,2.3670617292454058e-07,0.0,1.3917715385711442e-06,1.6284777114956848e-06,Canada,CAN,,gcp,northamerica-northeast2,Linux-6.8.0-1032-gcp-x86_64-with-glibc2.35,3.10.12,3.0.4,2,Intel(R) Xeon(R) CPU @ 2.60GHz,,,,,15.61648178100586,machine,Y,1.0
2025-08-07T10:27:32,dask-benchmark,86bd5a51-5004-45a6-8a1b-463419198680,dask_R1729_0fa92701,1.0020612138323486,7.66907412435349e-08,7.65329903851221e-08,1.7272709000000002,0.0,10.0,2.404251602773503e-07,0.0,1.3912927385212643e-06,1.6317178987986147e-06,Canada,CAN,,gcp,northamerica-northeast2,Linux-6.8.0-1032-gcp-x86_64-with-glibc2.35,3.10.12,3.0.4,2,Intel(R) Xeon(R) CPU @ 2.60GHz,,,,,15.61648178100586,machine,Y,1.0
2025-08-07T10:27:34,dask-benchmark,20969daf-48ba-46e1-b6e0-51b9b92a7360,dask_R1729_0fa92701,1.0022414501290768,7.671568193692247e-08,7.654411212691552e-08,1.7272709000000002,0.0,10.0,2.405032545853131e-07,0.0,1.3917452972641009e-06,1.632248551849414e-06,Canada,CAN,,gcp,northamerica-northeast2,Linux-6.8.0-1032-gcp-x86_64-with-glibc2.35,3.10.12,3.0.4,2,Intel(R) Xeon(R) CPU @ 2.60GHz,,,,,15.61648178100586,machine,Y,1.0
2025-08-07T10:27:36,dask-benchmark,f94b4403-1d48-44fb-83e2-e63edca0133f,dask_R1729_0fa92701,1.002218218985945,7.671174815043942e-08,7.654196131862097e-08,1.7272709000000002,0.0,10.0,2.404988849878674e-07,0.0,1.391665969276801e-06,1.6321648542646684e-06,Canada,CAN,,gcp,northamerica-northeast2,Linux-6.8.0-1032-gcp-x86_64-with-glibc2.35,3.10.12,3.0.4,2,Intel(R) Xeon(R) CPU @ 2.60GHz,,,,,15.61648178100586,machine,Y,1.0
2025-08-07T10:27:39,dask-benchmark,0d378f8c-5b1f-45e2-ad31-27535af4541b,dask_R1729_0fa92701,1.002192955929786,7.67148146586881e-08,7.654695056952962e-08,1.7272709000000002,0.0,10.0,2.4049798783237496e-07,0.0,1.3917321112886486e-06,1.6322300991210237e-06,Canada,CAN,,gcp,northamerica-northeast2,Linux-6.8.0-1032-gcp-x86_64-with-glibc2.35,3.10.12,3.0.4,2,Intel(R) Xeon(R) CPU @ 2.60GHz,,,,,15.61648178100586,machine,Y,1.0
2025-08-07T10:27:41,dask-benchmark,a1de30d7-b656-417e-9012-e6666dd07e23,dask_R1729_0fa92701,1.002202644944191,7.653358118362183e-08,7.636537537563942e-08,1.7000000000000002,0.0,10.0,2.367018818816481e-07,0.0,1.3916721858549863e-06,1.6283740677366345e-06,Canada,CAN,,gcp,northamerica-northeast2,Linux-6.8.0-1032-gcp-x86_64-with-glibc2.35,3.10.12,3.0.4,2,Intel(R) Xeon(R) CPU @ 2.60GHz,,,,,15.61648178100586,machine,Y,1.0
2025-08-07T10:27:43,dask-benchmark,ab045702-05a5-4544-90bf-c7bb3cc58825,dask_R1729_0fa92701,1.002217022003606,7.67144070427036e-08,7.65447057458056e-08,1.7272709000000002,0.0,10.0,2.404958570461886e-07,0.0,1.3917255693943136e-06,1.6322214264405025e-06,Canada,CAN,,gcp,northamerica-northeast2,Linux-6.8.0-1032-gcp-x86_64-with-glibc2.35,3.10.12,3.0.4,2,Intel(R) Xeon(R) CPU @ 2.60GHz,,,,,15.61648178100586,machine,Y,1.0
2025-08-07T10:27:45,dask-benchmark,6fc84023-638f-4006-9335-c017ea8fe6a7,dask_R1729_0fa92701,1.002216147026047,7.671376570160676e-08,7.654413264967382e-08,1.7272709000000002,0.0,10.0,2.4049394744887974e-07,0.0,1.39171383343637e-06,1.63220778088525e-06,Canada,CAN,,gcp,northamerica-northeast2,Linux-6.8.0-1032-gcp-x86_64-with-glibc2.35,3.10.12,3.0.4,2,Intel(R) Xeon(R) CPU @ 2.60GHz,,,,,15.61648178100586,machine,Y,1.0
2025-08-07T10:27:47,dask-benchmark,fa2130f9-7281-408a-bbd3-a6e21f3134ec,dask_R1729_0fa92701,1.00291975797154,7.664521023777262e-08,7.642207627137762e-08,1.7000000000000002,0.0,10.0,2.370361312318387e-07,0.0,1.3937130227633231e-06,1.630749153995162e-06,Canada,CAN,,gcp,northamerica-northeast2,Linux-6.8.0-1032-gcp-x86_64-with-glibc2.35,3.10.12,3.0.4,2,Intel(R) Xeon(R) CPU @ 2.60GHz,,,,,15.61648178100586,machine,Y,1.0
2025-08-07T10:27:49,dask-benchmark,b55553c2-3f10-440e-a6e0-7a29be91b0f9,dask_R1729_0fa92701,1.0022015068680048,7.689684438241054e-08,7.672792732344024e-08,1.7550872000000004,0.0,10.0,2.443709723190652e-07,0.0,1.3917320996471165e-06,1.6361030719661816e-06,Canada,CAN,,gcp,northamerica-northeast2,Linux-6.8.0-1032-gcp-x86_64-with-glibc2.35,3.10.12,3.0.4,2,Intel(R) Xeon(R) CPU @ 2.60GHz,,,,,15.61648178100586,machine,Y,1.0
2025-08-07T10:27:52,dask-benchmark,9f235ac4-f84c-45f4-8f27-bc6dc128102e,dask_R1729_0fa92701,1.002267048927024,7.671719578620087e-08,7.654366754681838e-08,1.7272709000000002,0.0,10.0,2.405059250500182e-07,0.0,1.3917748363585109e-06,1.632280761408529e-06,Canada,CAN,,gcp,northamerica-northeast2,Linux-6.8.0-1032-gcp-x86_64-with-glibc2.35,3.10.12,3.0.4,2,Intel(R) Xeon(R) CPU @ 2.60GHz,,,,,15.61648178100586,machine,Y,1.0
2025-08-07T10:27:54,dask-benchmark,22075d0b-a451-418f-9c43-4dd74a1891da,dask_R1729_0fa92701,1.0021474289242178,7.707614320424223e-08,7.69109823361835e-08,1.7834543000000005,0.0,10.0,2.4830082945605864e-07,0.0,1.3916171110597337e-06,1.639917940515792e-06,Canada,CAN,,gcp,northamerica-northeast2,Linux-6.8.0-1032-gcp-x86_64-with-glibc2.35,3.10.12,3.0.4,2,Intel(R) Xeon(R) CPU @ 2.60GHz,,,,,15.61648178100586,machine,Y,1.0
2025-08-07T10:27:56,dask-benchmark,5fd73e4e-e0a6-4e29-bba5-a23ed7369360,dask_R1729_0fa92701,1.002298637991771,7.671610344297945e-08,7.654016531109892e-08,1.7272709000000002,0.0,10.0,2.405190647864559e-07,0.0,1.3917384552769364e-06,1.6322575200633922e-06,Canada,CAN,,gcp,northamerica-northeast2,Linux-6.8.0-1032-gcp-x86_64-with-glibc2.35,3.10.12,3.0.4,2,Intel(R) Xeon(R) CPU @ 2.60GHz,,,,,15.61648178100586,machine,Y,1.0
2025-08-07T10:27:58,dask-benchmark,bd42459b-0f04-467e-9108-b302c80221d7,dask_R1729_0fa92701,1.002167620928958,7.65345660204637e-08,7.636902691938907e-08,1.7000000000000002,0.0,10.0,2.366937223252737e-07,0.0,1.3917012993867198e-06,1.6283950217119934e-06,Canada,CAN,,gcp,northamerica-northeast2,Linux-6.8.0-1032-gcp-x86_64-with-glibc2.35,3.10.12,3.0.4,2,Intel(R) Xeon(R) CPU @ 2.60GHz,,,,,15.61648178100586,machine,Y,1.0
2025-08-07T10:28:00,dask-benchmark,9819d906-d71b-472b-86ce-78860b6fafda,dask_R1729_0fa92701,1.0022207270376384,7.67127420338217e-08,7.654276145392549e-08,1.7272709000000002,0.0,10.0,2.404935314350516e-07,0.0,1.3916924692845593e-06,1.6321860007196109e-06,Canada,CAN,,gcp,northamerica-northeast2,Linux-6.8.0-1032-gcp-x86_64-with-glibc2.35,3.10.12,3.0.4,2,Intel(R) Xeon(R) CPU @ 2.60GHz,,,,,15.61648178100586,machine,Y,1.0
2025-08-07T10:28:03,dask-benchmark,40a3a92f-9dfa-4a5e-99fd-4e1ecd12b098,dask_R1729_0fa92701,1.001863018842414,7.653343605094254e-08,7.639111795879223e-08,1.7000000000000002,0.0,10.0,2.3669201340655695e-07,0.0,1.3916789664007312e-06,1.628370979807288e-06,Canada,CAN,,gcp,northamerica-northeast2,Linux-6.8.0-1032-gcp-x86_64-with-glibc2.35,3.10.12,3.0.4,2,Intel(R) Xeon(R) CPU @ 2.60GHz,,,,,15.61648178100586,machine,Y,1.0
2025-08-07T10:28:05,dask-benchmark,77eb7bda-d30a-4699-b4be-686b29b85875,dask_R1729_0fa92701,1.0021688838023692,7.689419355969193e-08,7.672777992063033e-08,1.7550872000000004,0.0,10.0,2.443613022393758e-07,0.0,1.3916853692434317e-06,1.6360466714828072e-06,Canada,CAN,,gcp,northamerica-northeast2,Linux-6.8.0-1032-gcp-x86_64-with-glibc2.35,3.10.12,3.0.4,2,Intel(R) Xeon(R) CPU @ 2.60GHz,,,,,15.61648178100586,machine,Y,1.0
2025-08-07T10:28:07,dask-benchmark,13f78722-a1e9-4816-b2fe-92bd8be65179,dask_R1729_0fa92701,1.0021868599578738,7.635778482985836e-08,7.619116542105531e-08,1.6732691000000002,0.0,10.0,2.3296673898762345e-07,0.0,1.391666980796597e-06,1.6246337197842205e-06,Canada,CAN,,gcp,northamerica-northeast2,Linux-6.8.0-1032-gcp-x86_64-with-glibc2.35,3.10.12,3.0.4,2,Intel(R) Xeon(R) CPU @ 2.60GHz,,,,,15.61648178100586,machine,Y,1.0
2025-08-07T10:28:09,dask-benchmark,909db0cb-81ba-4e0e-b72f-7efb02f50f41,dask_R1729_0fa92701,1.0021962309256196,7.653558751284274e-08,7.636786604371397e-08,1.7000000000000002,0.0,10.0,2.367015782058137e-07,0.0,1.3917151773865853e-06,1.6284167555923988e-06,Canada,CAN,,gcp,northamerica-northeast2,Linux-6.8.0-1032-gcp-x86_64-with-glibc2.35,3.10.12,3.0.4,2,Intel(R) Xeon(R) CPU @ 2.60GHz,,,,,15.61648178100586,machine,Y,1.0
2025-08-07T10:28:11,dask-benchmark,a57a4e0a-1ddd-48d9-bd0b-2b64dc10f5e4,dask_R1729_0fa92701,1.002180214971304,7.653218322056476e-08,7.636568960080312e-08,1.7000000000000002,0.0,10.0,2.366923826112826e-07,0.0,1.3916519412305206e-06,1.6283443238418033e-06,Canada,CAN,,gcp,northamerica-northeast2,Linux-6.8.0-1032-gcp-x86_64-with-glibc2.35,3.10.12,3.0.4,2,Intel(R) Xeon(R) CPU @ 2.60GHz,,,,,15.61648178100586,machine,Y,1.0
2025-08-07T10:28:13,dask-benchmark,8c33c8c9-f97c-4e04-af79-751a7c965c26,dask_R1729_0fa92701,1.002042141975835,7.651376727448467e-08,7.635783373702649e-08,1.7000000000000002,0.0,10.0,2.3663240619417694e-07,0.0,1.3913200890076244e-06,1.6279524952018014e-06,Canada,CAN,,gcp,northamerica-northeast2,Linux-6.8.0-1032-gcp-x86_64-with-glibc2.35,3.10.12,3.0.4,2,Intel(R) Xeon(R) CPU @ 2.60GHz,,,,,15.61648178100586,machine,Y,1.0
2025-08-07T10:28:15,dask-benchmark,4be14296-7e66-40f5-a96d-ace8ef19c5a1,dask_R1729_0fa92701,1.0022284318692982,7.635892713745648e-08,7.618914481904715e-08,1.6732691000000002,0.0,10.0,2.329814967014631e-07,0.0,1.3916765274997389e-06,1.6246580242012015e-06,Canada,CAN,,gcp,northamerica-northeast2,Linux-6.8.0-1032-gcp-x86_64-with-glibc2.35,3.10.12,3.0.4,2,Intel(R) Xeon(R) CPU @ 2.60GHz,,,,,15.61648178100586,machine,Y,1.0
2025-08-07T10:28:18,dask-benchmark,7b113aed-615b-46ff-8b1e-5922c495757d,dask_R1729_0fa92701,1.0022175940684974,7.653487718642121e-08,7.636552944129455e-08,1.7000000000000002,0.0,10.0,2.3669823964074682e-07,0.0,1.3917034026235344e-06,1.6284016422642812e-06,Canada,CAN,,gcp,northamerica-northeast2,Linux-6.8.0-1032-gcp-x86_64-with-glibc2.35,3.10.12,3.0.4,2,Intel(R) Xeon(R) CPU @ 2.60GHz,,,,,15.61648178100586,machine,Y,1.0
2025-08-07T10:28:20,dask-benchmark,80cabf1c-8be6-4781-943e-4c112ddd15d6,dask_R1729_0fa92701,1.0022547009866685,7.671751881651522e-08,7.654493288082434e-08,1.7272709000000002,0.0,10.0,2.4051035072666414e-07,0.0,1.3917772836672765e-06,1.6322876343939405e-06,Canada,CAN,,gcp,northamerica-northeast2,Linux-6.8.0-1032-gcp-x86_64-with-glibc2.35,3.10.12,3.0.4,2,Intel(R) Xeon(R) CPU @ 2.60GHz,,,,,15.61648178100586,machine,Y,1.0
2025-08-07T10:28:22,dask-benchmark,01795575-9586-4734-8a88-897954c2664b,dask_R1729_0fa92701,1.002231676131487,7.708046795115738e-08,7.690883234571094e-08,1.7834543000000005,0.0,10.0,2.483179476103176e-07,0.0,1.3916920087972862e-06,1.6400099564076038e-06,Canada,CAN,,gcp,northamerica-northeast2,Linux-6.8.0-1032-gcp-x86_64-with-glibc2.35,3.10.12,3.0.4,2,Intel(R) Xeon(R) CPU @ 2.60GHz,,,,,15.61648178100586,machine,Y,1.0
2025-08-07T10:28:24,dask-benchmark,abb8a15f-1bd3-44c9-a703-a0f5c6242d29,dask_R1729_0fa92701,1.0017855691257864,7.66437553957755e-08,7.650714659691003e-08,1.7272709000000002,0.0,10.0,2.402787966926238e-07,0.0,1.3904394032174928e-06,1.6307181999101163e-06,Canada,CAN,,gcp,northamerica-northeast2,Linux-6.8.0-1032-gcp-x86_64-with-glibc2.35,3.10.12,3.0.4,2,Intel(R) Xeon(R) CPU @ 2.60GHz,,,,,15.61648178100586,machine,Y,1.0
2025-08-07T10:28:27,dask-benchmark,88b16872-b951-40ea-9858-9a3119d89636,dask_R1729_0fa92701,1.002333158859983,7.43935674396846e-08,7.422039945709977e-08,1.3724504,0.0,10.0,1.910988914611567e-07,0.0,1.3917429689576643e-06,1.582841860418821e-06,Canada,CAN,,gcp,northamerica-northeast2,Linux-6.8.0-1032-gcp-x86_64-with-glibc2.35,3.10.12,3.0.4,2,Intel(R) Xeon(R) CPU @ 2.60GHz,,,,,15.61648178100586,machine,Y,1.0
2025-08-07T10:28:29,dask-benchmark,c1e745ef-095b-4a37-8548-8314c2bc8203,dask_R1729_0fa92701,1.0022423169575632,7.454835914706708e-08,7.438157208664699e-08,1.3967493632,0.0,10.0,1.944808982336016e-07,0.0,1.3916544027678256e-06,1.5861353010014272e-06,Canada,CAN,,gcp,northamerica-northeast2,Linux-6.8.0-1032-gcp-x86_64-with-glibc2.35,3.10.12,3.0.4,2,Intel(R) Xeon(R) CPU @ 2.60GHz,,,,,15.61648178100586,machine,Y,1.0
2025-08-07T10:28:31,dask-benchmark,ab6ee244-f1ac-4c3e-936e-1ccb46bb6e8d,dask_R1729_0fa92701,1.0023006501141936,7.284505623569919e-08,7.26778499319539e-08,1.1359232,0.0,10.0,1.581733134934505e-07,0.0,1.391721500032064e-06,1.5498948135255146e-06,Canada,CAN,,gcp,northamerica-northeast2,Linux-6.8.0-1032-gcp-x86_64-with-glibc2.35,3.10.12,3.0.4,2,Intel(R) Xeon(R) CPU @ 2.60GHz,,,,,15.61648178100586,machine,Y,1.0
2025-08-07T10:28:33,dask-benchmark,703d6220-22bb-4444-8eaa-d12743732c72,dask_R1729_0fa92701,1.0023001679219306,7.298237355600594e-08,7.281488708848599e-08,1.1559022136,0.0,10.0,1.6096386137219529e-07,0.0,1.3918525972662289e-06,1.552816458638424e-06,Canada,CAN,,gcp,northamerica-northeast2,Linux-6.8.0-1032-gcp-x86_64-with-glibc2.35,3.10.12,3.0.4,2,Intel(R) Xeon(R) CPU @ 2.60GHz,,,,,15.61648178100586,machine,Y,1.0
2025-08-07T10:28:35,dask-benchmark,8386f477-9cf2-40fa-a2c1-7ed366df9c72,dask_R1729_0fa92701,1.002259816043079,7.389519587473461e-08,7.37285828403984e-08,1.2962311999999998,0.0,10.0,1.8048978514498934e-07,0.0,1.3917484249557471e-06,1.5722382101007364e-06,Canada,CAN,,gcp,northamerica-northeast2,Linux-6.8.0-1032-gcp-x86_64-with-glibc2.35,3.10.12,3.0.4,2,Intel(R) Xeon(R) CPU @ 2.60GHz,,,,,15.61648178100586,machine,Y,1.0
2025-08-07T10:28:37,dask-benchmark,0907cf4e-9502-4dab-a42b-50b414204944,dask_R1729_0fa92701,1.0022192890755832,7.482775205948982e-08,7.46620553756341e-08,1.4387590592,0.0,10.0,2.0033082272711522e-07,0.0,1.3917490083258598e-06,1.5920798310529749e-06,Canada,CAN,,gcp,northamerica-northeast2,Linux-6.8.0-1032-gcp-x86_64-with-glibc2.35,3.10.12,3.0.4,2,Intel(R) Xeon(R) CPU @ 2.60GHz,,,,,15.61648178100586,machine,Y,1.0
2025-08-07T10:28:40,dask-benchmark,a0265aac-9ae9-4124-a4c6-090bfe73b5d7,dask_R1729_0fa92701,1.002199087990448,7.585848947723733e-08,7.569203602983157e-08,1.5962624,0.0,10.0,2.2226056142560973e-07,0.0,1.391749852983695e-06,1.6140104144093047e-06,Canada,CAN,,gcp,northamerica-northeast2,Linux-6.8.0-1032-gcp-x86_64-with-glibc2.35,3.10.12,3.0.4,2,Intel(R) Xeon(R) CPU @ 2.60GHz,,,,,15.61648178100586,machine,Y,1.0
2025-08-07T10:28:42,dask-benchmark,9e598fd8-8a13-4021-8d5d-1214260745d1,dask_R1729_0fa92701,1.0021828329190612,7.653722869864819e-08,7.637052460349771e-08,1.7000000000000002,0.0,10.0,2.3670934964644e-07,0.0,1.3917423247928834e-06,1.6284516744393234e-06,Canada,CAN,,gcp,northamerica-northeast2,Linux-6.8.0-1032-gcp-x86_64-with-glibc2.35,3.10.12,3.0.4,2,Intel(R) Xeon(R) CPU @ 2.60GHz,,,,,15.61648178100586,machine,Y,1.0
2025-08-07T10:28:44,dask-benchmark,9da52f9d-9010-48b8-ad48-4a368a6c48b0,dask_R1729_0fa92701,1.003015440190211,7.671649379576012e-08,7.64858552737849e-08,1.7272709000000002,0.0,10.0,2.405101833827558e-07,0.0,1.3917556420589488e-06,1.6322658254417046e-06,Canada,CAN,,gcp,northamerica-northeast2,Linux-6.8.0-1032-gcp-x86_64-with-glibc2.35,3.10.12,3.0.4,2,Intel(R) Xeon(R) CPU @ 2.60GHz,,,,,15.61648178100586,machine,Y,1.0
2025-08-07T10:28:46,dask-benchmark,34fafa2a-bdb0-4a02-98c4-94b161cd91f2,dask_R1729_0fa92701,1.0022464329376817,7.671611723831719e-08,7.654416590284567e-08,1.7272709000000002,0.0,10.0,2.405095134485648e-07,0.0,1.3917483001326522e-06,1.6322578135812168e-06,Canada,CAN,,gcp,northamerica-northeast2,Linux-6.8.0-1032-gcp-x86_64-with-glibc2.35,3.10.12,3.0.4,2,Intel(R) Xeon(R) CPU @ 2.60GHz,,,,,15.61648178100586,machine,Y,1.0
2025-08-07T10:28:48,dask-benchmark,d04f3615-be6f-4514-aa5e-9ac5eb966e7f,dask_R1729_0fa92701,1.002247936092317,7.671735226963203e-08,7.65452833644604e-08,1.7272709000000002,0.0,10.0,2.405136963760033e-07,0.0,1.3917703944672311e-06,1.6322840908432343e-06,Canada,CAN,,gcp,northamerica-northeast2,Linux-6.8.0-1032-gcp-x86_64-with-glibc2.35,3.10.12,3.0.4,2,Intel(R) Xeon(R) CPU @ 2.60GHz,,,,,15.61648178100586,machine,Y,1.0
2025-08-07T10:28:50,dask-benchmark,b90c2359-3f7a-49c8-b86f-ee159f72f992,dask_R1729_0fa92701,1.0021693578455595,7.636538060193963e-08,7.620007537060218e-08,1.6732691000000002,0.0,10.0,2.329932654071245e-07,0.0,1.391802066549038e-06,1.6247953319561623e-06,Canada,CAN,,gcp,northamerica-northeast2,Linux-6.8.0-1032-gcp-x86_64-with-glibc2.35,3.10.12,3.0.4,2,Intel(R) Xeon(R) CPU @ 2.60GHz,,,,,15.61648178100586,machine,Y,1.0
2025-08-07T10:28:53,dask-benchmark,a7078cfe-b3fb-4f48-a9d6-9a1a2fc3e6ce,dask_R1729_0fa92701,1.002427363069728,7.439392366268468e-08,7.421377987415323e-08,1.3724504,0.0,10.0,1.9115230079912057e-07,0.0,1.3916971388324682e-06,1.5828494396315886e-06,Canada,CAN,,gcp,northamerica-northeast2,Linux-6.8.0-1032-gcp-x86_64-with-glibc2.35,3.10.12,3.0.4,2,Intel(R) Xeon(R) CPU @ 2.60GHz,,,,,15.61648178100586,machine,Y,1.0
2025-08-07T10:28:55,dask-benchmark,f80c25fc-8ee6-489d-be67-f194dae12ada,dask_R1729_0fa92701,1.0022271019406617,7.154202522254269e-08,7.138304789803862e-08,0.9370459736,0.0,10.0,1.3046839647041934e-07,0.0,1.3917023529453824e-06,1.5221707494158018e-06,Canada,CAN,,gcp,northamerica-northeast2,Linux-6.8.0-1032-gcp-x86_64-with-glibc2.35,3.10.12,3.0.4,2,Intel(R) Xeon(R) CPU @ 2.60GHz,,,,,15.61648178100586,machine,Y,1.0
2025-08-07T10:28:57,dask-benchmark,26e61dd3-c442-4421-84cd-e2e4e9b17d45,dask_R1729_0fa92701,1.0022938139736652,7.07569269586217e-08,7.059499517222484e-08,0.8161862552000001,0.0,10.0,1.1365185023859465e-07,0.0,1.3918146807959097e-06,1.5054665310345042e-06,Canada,CAN,,gcp,northamerica-northeast2,Linux-6.8.0-1032-gcp-x86_64-with-glibc2.35,3.10.12,3.0.4,2,Intel(R) Xeon(R) CPU @ 2.60GHz,,,,,15.61648178100586,machine,Y,1.0
2025-08-07T10:29:00,dask-benchmark,294fd917-3fa0-4ae0-bdc5-b29c50159efa,dask_R1729_0fa92701,1.0022170871961862,7.063975988804497e-08,7.048349184074238e-08,0.8000072,0.0,10.0,1.1137924466588817e-07,0.0,1.3915943699733666e-06,1.5029736146392548e-06,Canada,CAN,,gcp,northamerica-northeast2,Linux-6.8.0-1032-gcp-x86_64-with-glibc2.35,3.10.12,3.0.4,2,Intel(R) Xeon(R) CPU @ 2.60GHz,,,,,15.61648178100586,machine,Y,1.0
2025-08-07T10:29:02,dask-benchmark,15763a9e-8580-47d9-9600-090217e48929,dask_R1729_0fa92701,1.0021947890054437,7.063827884375002e-08,7.048358225235826e-08,0.8000576,0.0,10.0,1.1138218361263185e-07,0.0,1.3915599194458791e-06,1.502942103058511e-06,Canada,CAN,,gcp,northamerica-northeast2,Linux-6.8.0-1032-gcp-x86_64-with-glibc2.35,3.10.12,3.0.4,2,Intel(R) Xeon(R) CPU @ 2.60GHz,,,,,15.61648178100586,machine,Y,1.0
2025-08-07T10:29:04,dask-benchmark,a05529ce-a0c5-41b5-958f-2056be5361d4,dask_R1729_0fa92701,1.0023431431036445,7.065871433082513e-08,7.04935378836815e-08,0.8014787288,0.0,10.0,1.1160741422813281e-07,0.0,1.3917694864277212e-06,1.503376900655854e-06,Canada,CAN,,gcp,northamerica-northeast2,Linux-6.8.0-1032-gcp-x86_64-with-glibc2.35,3.10.12,3.0.4,2,Intel(R) Xeon(R) CPU @ 2.60GHz,,,,,15.61648178100586,machine,Y,1.0
2025-08-07T10:30:02,dask-benchmark,3efcbfe1-826d-4834-b3c4-d821034bc711,dask_R1729_0fa92701,1.0023282319307327,7.671307425174417e-08,7.653488329264733e-08,1.7272709000000002,0.0,10.0,2.4050601386070386e-07,0.0,1.3916870553253425e-06,1.6321930691860463e-06,Canada,CAN,,gcp,northamerica-northeast2,Linux-6.8.0-1032-gcp-x86_64-with-glibc2.35,3.10.12,3.0.4,2,Intel(R) Xeon(R) CPU @ 2.60GHz,,,,,15.61648178100586,machine,Y,1.0
2025-08-07T10:30:04,dask-benchmark,6247ab4a-5c4e-4be9-ae49-07bf07cab6b1,dask_R1729_0fa92701,1.00226670387201,7.65382192316465e-08,7.636512211366494e-08,1.7000000000000002,0.0,10.0,2.3671041108253935e-07,0.0,1.3917623385269607e-06,1.6284727496095e-06,Canada,CAN,,gcp,northamerica-northeast2,Linux-6.8.0-1032-gcp-x86_64-with-glibc2.35,3.10.12,3.0.4,2,Intel(R) Xeon(R) CPU @ 2.60GHz,,,,,15.61648178100586,machine,Y,1.0
2025-08-07T10:30:06,dask-benchmark,ea7857a7-70e1-4137-81fa-c4c09c60e2e6,dask_R1729_0fa92701,1.0022542900405824,7.689433302158465e-08,7.672138077699934e-08,1.7550872000000004,0.0,10.0,2.443789941116447e-07,0.0,1.3916706446454755e-06,1.6360496387571203e-06,Canada,CAN,,gcp,northamerica-northeast2,Linux-6.8.0-1032-gcp-x86_64-with-glibc2.35,3.10.12,3.0.4,2,Intel(R) Xeon(R) CPU @ 2.60GHz,,,,,15.61648178100586,machine,Y,1.0
2025-08-07T10:30:08,dask-benchmark,ba3e8595-89ff-48b1-9dc5-41fd4d80c3f0,dask_R1729_0fa92701,1.002209061058238,7.653431845636808e-08,7.6365622134323e-08,1.7000000000000002,0.0,10.0,2.36697457142226e-07,0.0,1.391692297248584e-06,1.6283897543908098e-06,Canada,CAN,,gcp,northamerica-northeast2,Linux-6.8.0-1032-gcp-x86_64-with-glibc2.35,3.10.12,3.0.4,2,Intel(R) Xeon(R) CPU @ 2.60GHz,,,,,15.61648178100586,machine,Y,1.0
2025-08-07T10:30:10,dask-benchmark,69e78b81-c131-4a8a-b8f7-506a084e3a01,dask_R1729_0fa92701,1.002276975195855,7.654303048216068e-08,7.636913984500482e-08,1.7000000000000002,0.0,10.0,2.367278499037235e-07,0.0,1.3918472667379926e-06,1.628575116641716e-06,Canada,CAN,,gcp,northamerica-northeast2,Linux-6.8.0-1032-gcp-x86_64-with-glibc2.35,3.10.12,3.0.4,2,Intel(R) Xeon(R) CPU @ 2.60GHz,,,,,15.61648178100586,machine,Y,1.0
2025-08-07T10:30:12,dask-benchmark,fa9baa0e-542a-4edc-96e1-558047261b9b,dask_R1729_0fa92701,1.0022012190893292,7.653344986105935e-08,7.636535298829814e-08,1.7000000000000002,0.0,10.0,2.3669364019426413e-07,0.0,1.3916776334452965e-06,1.6283712736395603e-06,Canada,CAN,,gcp,northamerica-northeast2,Linux-6.8.0-1032-gcp-x86_64-with-glibc2.35,3.10.12,3.0.4,2,Intel(R) Xeon(R) CPU @ 2.60GHz,,,,,15.61648178100586,machine,Y,1.0
2025-08-07T10:30:15,dask-benchmark,f3aec623-5712-4a9f-9e26-6d113fc4d70c,dask_R1729_0fa92701,1.0022934249136597,7.654484970119989e-08,7.636970152507354e-08,1.7000000000000002,0.0,10.0,2.367342262166656e-07,0.0,1.3918795972131192e-06,1.6286138234297847e-06,Canada,CAN,,gcp,northamerica-northeast2,Linux-6.8.0-1032-gcp-x86_64-with-glibc2.35,3.10.12,3.0.4,2,Intel(R) Xeon(R) CPU @ 2.60GHz,,,,,15.61648178100586,machine,Y,1.0
2025-08-07T10:30:17,dask-benchmark,8f53c1e1-8dd7-4669-813c-4f72b4886b4f,dask_R1729_0fa92701,1.0022542939987034,7.636694552795142e-08,7.619517919276707e-08,1.6732691000000002,0.0,10.0,2.329990585854661e-07,0.0,1.3918295696688195e-06,1.6248286282542856e-06,Canada,CAN,,gcp,northamerica-northeast2,Linux-6.8.0-1032-gcp-x86_64-with-glibc2.35,3.10.12,3.0.4,2,Intel(R) Xeon(R) CPU @ 2.60GHz,,,,,15.61648178100586,machine,Y,1.0
2025-08-07T10:30:19,dask-benchmark,e88d4c64-9eb9-48d8-b268-0d1ed9ad9233,dask_R1729_0fa92701,1.002294892910868,7.63674017437956e-08,7.619254800551675e-08,1.6732691000000002,0.0,10.0,2.330035796497188e-07,0.0,1.3918347553246552e-06,1.624838334974374e-06,Canada,CAN,,gcp,northamerica-northeast2,Linux-6.8.0-1032-gcp-x86_64-with-glibc2.35,3.10.12,3.0.4,2,Intel(R) Xeon(R) CPU @ 2.60GHz,,,,,15.61648178100586,machine,Y,1.0
2025-08-07T10:30:21,dask-benchmark,d3781e94-91e9-4e74-b6e1-99291cc7f0f3,dask_R1729_0fa92701,1.0018220120109618,9.907366896171197e-08,9.889348384633809e-08,5.1441281,0.0,10.0,7.162470641988208e-07,0.0,1.391703339241859e-06,2.10795040344068e-06,Canada,CAN,,gcp,northamerica-northeast2,Linux-6.8.0-1032-gcp-x86_64-with-glibc2.35,3.10.12,3.0.4,2,Intel(R) Xeon(R) CPU @ 2.60GHz,,,,,15.61648178100586,machine,Y,1.0
2025-08-07T10:30:24,dask-benchmark,4dd77f12-45da-4d11-81f2-befdaf4c657e,dask_R1729_0fa92701,1.004473506938666,1.1829843405478948e-07,1.1777158206524293e-07,8.0,0.0,10.0,1.1189638507655926e-06,0.0,1.3980241078469488e-06,2.5169879586125416e-06,Canada,CAN,,gcp,northamerica-northeast2,Linux-6.8.0-1032-gcp-x86_64-with-glibc2.35,3.10.12,3.0.4,2,Intel(R) Xeon(R) CPU @ 2.60GHz,,,,,15.61648178100586,machine,Y,1.0
2025-08-07T10:30:26,dask-benchmark,6995ad75-34f6-4462-8c28-93e27cb7b044,dask_R1729_0fa92701,1.0020872501190752,7.66952177054697e-08,7.653546903860539e-08,1.7272709000000002,0.0,10.0,2.4043788120717096e-07,0.0,1.391375261462397e-06,1.631813142669568e-06,Canada,CAN,,gcp,northamerica-northeast2,Linux-6.8.0-1032-gcp-x86_64-with-glibc2.35,3.10.12,3.0.4,2,Intel(R) Xeon(R) CPU @ 2.60GHz,,,,,15.61648178100586,machine,Y,1.0
2025-08-07T10:30:28,dask-benchmark,c6b01809-b170-4c0b-afb7-4fa9961b80c9,dask_R1729_0fa92701,1.0022948859259486,7.671921487817318e-08,7.654355614844606e-08,1.7272709000000002,0.0,10.0,2.405244960905134e-07,0.0,1.3917992247216817e-06,1.632323720812195e-06,Canada,CAN,,gcp,northamerica-northeast2,Linux-6.8.0-1032-gcp-x86_64-with-glibc2.35,3.10.12,3.0.4,2,Intel(R) Xeon(R) CPU @ 2.60GHz,,,,,15.61648178100586,machine,Y,1.0
2025-08-07T10:30:30,dask-benchmark,b60dbd6f-d341-4f7d-aabe-d09c7f432f32,dask_R1729_0fa92701,1.0022080619819462,7.65341878265608e-08,7.636556791930844e-08,1.7000000000000002,0.0,10.0,2.366979218915933e-07,0.0,1.3916890531416154e-06,1.6283869750332086e-06,Canada,CAN,,gcp,northamerica-northeast2,Linux-6.8.0-1032-gcp-x86_64-with-glibc2.35,3.10.12,3.0.4,2,Intel(R) Xeon(R) CPU @ 2.60GHz,,,,,15.61648178100586,machine,Y,1.0
2025-08-07T10:30:32,dask-benchmark,0b543f68-d235-4932-bf3b-60c8a0fd9fe3,dask_R1729_0fa92701,1.002438039984554,7.710816936876026e-08,7.6920633787948e-08,1.7834543000000005,0.0,10.0,2.484139118391417e-07,0.0,1.3921854364323537e-06,1.640599348271495e-06,Canada,CAN,,gcp,northamerica-northeast2,Linux-6.8.0-1032-gcp-x86_64-with-glibc2.35,3.10.12,3.0.4,2,Intel(R) Xeon(R) CPU @ 2.60GHz,,,,,15.61648178100586,machine,Y,1.0
2025-08-07T10:30:35,dask-benchmark,3f10b740-eaae-4032-89d5-f12313768ef0,dask_R1729_0fa92701,1.0019818239379674,7.64969088856726e-08,7.63456053374562e-08,1.7000000000000002,0.0,10.0,2.36583581672878e-07,0.0,1.3910102244052622e-06,1.62759380607814e-06,Canada,CAN,,gcp,northamerica-northeast2,Linux-6.8.0-1032-gcp-x86_64-with-glibc2.35,3.10.12,3.0.4,2,Intel(R) Xeon(R) CPU @ 2.60GHz,,,,,15.61648178100586,machine,Y,1.0
2025-08-07T10:30:37,dask-benchmark,d505b064-42ab-44d6-a177-98429b92fe9f,dask_R1729_0fa92701,1.002286806004122,7.653992105466184e-08,7.636528845451757e-08,1.7000000000000002,0.0,10.0,2.367204525055261e-07,0.0,1.3917885061043004e-06,1.6285089586098265e-06,Canada,CAN,,gcp,northamerica-northeast2,Linux-6.8.0-1032-gcp-x86_64-with-glibc2.35,3.10.12,3.0.4,2,Intel(R) Xeon(R) CPU @ 2.60GHz,,,,,15.61648178100586,machine,Y,1.0
2025-08-07T10:30:39,dask-benchmark,411bfeb1-ee6e-4d28-bbb9-3d4eb0aaa586,dask_R1729_0fa92701,1.0018774848431349,7.646854628625767e-08,7.632524679225667e-08,1.7000000000000002,0.0,10.0,2.3649662714322205e-07,0.0,1.3904937193728985e-06,1.6269903465161204e-06,Canada,CAN,,gcp,northamerica-northeast2,Linux-6.8.0-1032-gcp-x86_64-with-glibc2.35,3.10.12,3.0.4,2,Intel(R) Xeon(R) CPU @ 2.60GHz,,,,,15.61648178100586,machine,Y,1.0
2025-08-07T10:30:41,dask-benchmark,db670ddd-bbeb-463b-a31a-5aa02e19173c,dask_R1729_0fa92701,1.00239112903364,7.654904889592176e-08,7.636644686762069e-08,1.7000000000000002,0.0,10.0,2.3674452348819213e-07,0.0,1.3919586445101433e-06,1.6287031679983354e-06,Canada,CAN,,gcp,northamerica-northeast2,Linux-6.8.0-1032-gcp-x86_64-with-glibc2.35,3.10.12,3.0.4,2,Intel(R) Xeon(R) CPU @ 2.60GHz,,,,,15.61648178100586,machine,Y,1.0
2025-08-07T10:30:43,dask-benchmark,724a27b7-2762-4b20-9a98-780393c61f84,dask_R1729_0fa92701,1.0019166769925505,7.672040490316125e-08,7.657363797302248e-08,1.7272709000000002,0.0,10.0,2.40523804707704e-07,0.0,1.3918252357850887e-06,1.6323490404927926e-06,Canada,CAN,,gcp,northamerica-northeast2,Linux-6.8.0-1032-gcp-x86_64-with-glibc2.35,3.10.12,3.0.4,2,Intel(R) Xeon(R) CPU @ 2.60GHz,,,,,15.61648178100586,machine,Y,1.0
2025-08-07T10:30:45,dask-benchmark,b54a797b-0e1c-4ea0-aa9c-4c7e5823299b,dask_R1729_0fa92701,1.0022450210526586,7.689777040849338e-08,7.67255200008154e-08,1.7550872000000004,0.0,10.0,2.443794971905284e-07,0.0,1.391743277458267e-06,1.6361227746487954e-06,Canada,CAN,,gcp,northamerica-northeast2,Linux-6.8.0-1032-gcp-x86_64-with-glibc2.35,3.10.12,3.0.4,2,Intel(R) Xeon(R) CPU @ 2.60GHz,,,,,15.61648178100586,machine,Y,1.0
2025-08-07T10:30:48,dask-benchmark,7a3d64e2-38c8-4a05-ae47-4044637b7177,dask_R1729_0fa92701,1.002341196872294,7.636518850813639e-08,7.61868201630606e-08,1.6732691000000002,0.0,10.0,2.3300559739256762e-07,0.0,1.3917856474613978e-06,1.6247912448539654e-06,Canada,CAN,,gcp,northamerica-northeast2,Linux-6.8.0-1032-gcp-x86_64-with-glibc2.35,3.10.12,3.0.4,2,Intel(R) Xeon(R) CPU @ 2.60GHz,,,,,15.61648178100586,machine,Y,1.0
2025-08-07T10:30:50,dask-benchmark,28c65a4d-817d-495f-9f70-7dfd7e9fae2e,dask_R1729_0fa92701,1.002235604915768,7.671585557669595e-08,7.654473179801216e-08,1.7272709000000002,0.0,10.0,2.40503718523398e-07,0.0,1.3917485277892815e-06,1.6322522463126797e-06,Canada,CAN,,gcp,northamerica-northeast2,Linux-6.8.0-1032-gcp-x86_64-with-glibc2.35,3.10.12,3.0.4,2,Intel(R) Xeon(R) CPU @ 2.60GHz,,,,,15.61648178100586,machine,Y,1.0
2025-08-07T10:30:52,dask-benchmark,41482666-ff4c-4584-be67-c06879863eae,dask_R1729_0fa92701,1.002232105936855,7.569431740502365e-08,7.552573596139886e-08,1.5716375,0.0,10.0,2.1883288900021258e-07,0.0,1.3916845025960355e-06,1.610517391596248e-06,Canada,CAN,,gcp,northamerica-northeast2,Linux-6.8.0-1032-gcp-x86_64-with-glibc2.35,3.10.12,3.0.4,2,Intel(R) Xeon(R) CPU @ 2.60GHz,,,,,15.61648178100586,machine,Y,1.0
2025-08-07T10:30:54,dask-benchmark,c9b00b45-d9c4-4f4b-8ae1-91424874e84b,dask_R1729_0fa92701,1.002363265957683,7.673424469370835e-08,7.655332881776598e-08,1.7272709000000002,0.0,10.0,2.405708430918651e-07,0.0,1.392072661029589e-06,1.632643504121454e-06,Canada,CAN,,gcp,northamerica-northeast2,Linux-6.8.0-1032-gcp-x86_64-with-glibc2.35,3.10.12,3.0.4,2,Intel(R) Xeon(R) CPU @ 2.60GHz,,,,,15.61648178100586,machine,Y,1.0
2025-08-07T10:30:56,dask-benchmark,53b19781-4ecb-49ca-96e5-1b7537ec5013,dask_R1729_0fa92701,1.0023546740412712,7.63668995612837e-08,7.618750282610979e-08,1.6732691000000002,0.0,10.0,2.330177942125068e-07,0.0,1.3918098560275717e-06,1.6248276502400786e-06,Canada,CAN,,gcp,northamerica-northeast2,Linux-6.8.0-1032-gcp-x86_64-with-glibc2.35,3.10.12,3.0.4,2,Intel(R) Xeon(R) CPU @ 2.60GHz,,,,,15.61648178100586,machine,Y,1.0
2025-08-07T10:30:59,dask-benchmark,7fb95c12-4317-4a9e-9eb1-0978cf8e0036,dask_R1729_0fa92701,1.0022637420333922,7.494043181413086e-08,7.477116917558222e-08,1.4561000000000002,0.0,10.0,2.027433698499808e-07,0.0,1.3917339027911011e-06,1.5944772726410818e-06,Canada,CAN,,gcp,northamerica-northeast2,Linux-6.8.0-1032-gcp-x86_64-with-glibc2.35,3.10.12,3.0.4,2,Intel(R) Xeon(R) CPU @ 2.60GHz,,,,,15.61648178100586,machine,Y,1.0
2025-08-07T10:31:01,dask-benchmark,df5075a1-d336-4280-9e21-a8d66350d206,dask_R1729_0fa92701,1.0024026648607105,7.636627434510651e-08,7.618323157163398e-08,1.6732691000000002,0.0,10.0,2.330579037370581e-07,0.0,1.3917564440311657e-06,1.6248143477682237e-06,Canada,CAN,,gcp,northamerica-northeast2,Linux-6.8.0-1032-gcp-x86_64-with-glibc2.35,3.10.12,3.0.4,2,Intel(R) Xeon(R) CPU @ 2.60GHz,,,,,15.61648178100586,machine,Y,1.0
2025-08-07T10:31:03,dask-benchmark,9eb3e83e-174b-4458-973b-c0ab46f99950,dask_R1729_0fa92701,1.0023070971947163,7.67270556523531e-08,7.655044633236544e-08,1.7272709000000002,0.0,10.0,2.4054322073439577e-07,0.0,1.391947325060351e-06,1.6324905457947468e-06,Canada,CAN,,gcp,northamerica-northeast2,Linux-6.8.0-1032-gcp-x86_64-with-glibc2.35,3.10.12,3.0.4,2,Intel(R) Xeon(R) CPU @ 2.60GHz,,,,,15.61648178100586,machine,Y,1.0
2025-08-07T10:31:05,dask-benchmark,37fc0fdc-9a08-46ce-afb2-33597f30476f,dask_R1729_0fa92701,1.0022695800289512,7.414154372751563e-08,7.397365459837065e-08,1.3334336,0.0,10.0,1.85681961856984e-07,0.0,1.3917976919199444e-06,1.5774796537769284e-06,Canada,CAN,,gcp,northamerica-northeast2,Linux-6.8.0-1032-gcp-x86_64-with-glibc2.35,3.10.12,3.0.4,2,Intel(R) Xeon(R) CPU @ 2.60GHz,,,,,15.61648178100586,machine,Y,1.0
2025-08-07T10:31:07,dask-benchmark,2c233b45-0d94-42ad-9e92-3f95407c9e6c,dask_R1729_0fa92701,1.002328301081434,7.439598082337768e-08,7.422316694351563e-08,1.3724504,0.0,10.0,1.9112434216852724e-07,0.0,1.3917688668395082e-06,1.5828932090080355e-06,Canada,CAN,,gcp,northamerica-northeast2,Linux-6.8.0-1032-gcp-x86_64-with-glibc2.35,3.10.12,3.0.4,2,Intel(R) Xeon(R) CPU @ 2.60GHz,,,,,15.61648178100586,machine,Y,1.0
2025-08-07T10:31:09,dask-benchmark,69fb2e0f-e6ea-4ade-8dcf-b95f86ed9271,dask_R1729_0fa92701,1.0022311019711196,7.482378023414564e-08,7.465721238044533e-08,1.4387590592,0.0,10.0,2.003209548417355e-07,0.0,1.3916743692890225e-06,1.591995324130758e-06,Canada,CAN,,gcp,northamerica-northeast2,Linux-6.8.0-1032-gcp-x86_64-with-glibc2.35,3.10.12,3.0.4,2,Intel(R) Xeon(R) CPU @ 2.60GHz,,,,,15.61648178100586,machine,Y,1.0
2025-08-07T10:31:12,dask-benchmark,7f42f686-9013-42cb-bfec-1136cc20b639,dask_R1729_0fa92701,1.0024014599621296,7.47801087013676e-08,7.460095748882165e-08,1.4302043648000002,0.0,10.0,1.992030123164422e-07,0.0,1.3918631302658468e-06,1.591066142582289e-06,Canada,CAN,,gcp,northamerica-northeast2,Linux-6.8.0-1032-gcp-x86_64-with-glibc2.35,3.10.12,3.0.4,2,Intel(R) Xeon(R) CPU @ 2.60GHz,,,,,15.61648178100586,machine,Y,1.0
2025-08-07T10:31:14,dask-benchmark,bcf98103-7ba5-4f05-9051-2ae7c22534ab,dask_R1729_0fa92701,1.0021770580206066,7.523024277760799e-08,7.506681795948789e-08,1.5008192,0.0,10.0,2.0895968835308737e-07,0.0,1.3916837750002745e-06,1.6006434633533616e-06,Canada,CAN,,gcp,northamerica-northeast2,Linux-6.8.0-1032-gcp-x86_64-with-glibc2.35,3.10.12,3.0.4,2,Intel(R) Xeon(R) CPU @ 2.60GHz,,,,,15.61648178100586,machine,Y,1.0
2025-08-07T10:31:16,dask-benchmark,4ae59857-2955-4113-9168-1680a96dd127,dask_R1729_0fa92701,1.0019405139610171,7.65359731285587e-08,7.63877416494374e-08,1.7000000000000002,0.0,10.0,2.367009572206169e-07,0.0,1.3917240029614832e-06,1.6284249601821e-06,Canada,CAN,,gcp,northamerica-northeast2,Linux-6.8.0-1032-gcp-x86_64-with-glibc2.35,3.10.12,3.0.4,2,Intel(R) Xeon(R) CPU @ 2.60GHz,,,,,15.61648178100586,machine,Y,1.0
2025-08-07T10:31:18,dask-benchmark,df8aa8df-75cf-4351-a855-fe404c958568,dask_R1729_0fa92701,1.0022795901168138,7.494255674404572e-08,7.477210698794269e-08,1.4561000000000002,0.0,10.0,2.027594921696e-07,0.0,1.3917629917462666e-06,1.5945224839158663e-06,Canada,CAN,,gcp,northamerica-northeast2,Linux-6.8.0-1032-gcp-x86_64-with-glibc2.35,3.10.12,3.0.4,2,Intel(R) Xeon(R) CPU @ 2.60GHz,,,,,15.61648178100586,machine,Y,1.0
2025-08-07T10:31:20,dask-benchmark,6aacd1d2-97e0-4684-b983-6f4a0ee28f99,dask_R1729_0fa92701,1.002205359051004,7.602126224893708e-08,7.585397699421824e-08,1.6214057,0.0,10.0,2.2575942268750202e-07,0.0,1.3917142421835e-06,1.6174736648710018e-06,Canada,CAN,,gcp,northamerica-northeast2,Linux-6.8.0-1032-gcp-x86_64-with-glibc2.35,3.10.12,3.0.4,2,Intel(R) Xeon(R) CPU @ 2.60GHz,,,,,15.61648178100586,machine,Y,1.0
2025-08-07T10:31:22,dask-benchmark,91883c66-968d-4cac-8ba7-a5d97ae0ffd0,dask_R1729_0fa92701,1.0024158030282706,7.384847355347894e-08,7.36705001361558e-08,1.2890046464,0.0,10.0,1.795208984140585e-07,0.0,1.391723219745068e-06,1.5712441181591264e-06,Canada,CAN,,gcp,northamerica-northeast2,Linux-6.8.0-1032-gcp-x86_64-with-glibc2.35,3.10.12,3.0.4,2,Intel(R) Xeon(R) CPU @ 2.60GHz,,,,,15.61648178100586,machine,Y,1.0
2025-08-07T10:31:25,dask-benchmark,a475af5e-be00-47b0-91f2-fc3b28c2398d,dask_R1729_0fa92701,1.0022259498946369,7.523014793824783e-08,7.506306132480076e-08,1.5008192,0.0,10.0,2.0896840980779923e-07,0.0,1.3916730356868356e-06,1.6006414454946347e-06,Canada,CAN,,gcp,northamerica-northeast2,Linux-6.8.0-1032-gcp-x86_64-with-glibc2.35,3.10.12,3.0.4,2,Intel(R) Xeon(R) CPU @ 2.60GHz,,,,,15.61648178100586,machine,Y,1.0
2025-08-07T10:31:27,dask-benchmark,fe008c4b-c667-436f-97c0-40600ff177b0,dask_R1729_0fa92701,1.0022347969934344,7.344218084562139e-08,7.327841845637146e-08,1.2270968,0.0,10.0,1.708596645292719e-07,0.0,1.3917399279307575e-06,1.5625995924600294e-06,Canada,CAN,,gcp,northamerica-northeast2,Linux-6.8.0-1032-gcp-x86_64-with-glibc2.35,3.10.12,3.0.4,2,Intel(R) Xeon(R) CPU @ 2.60GHz,,,,,15.61648178100586,machine,Y,1.0
